0.999931 -0.00852203 0.00804747 0 0.00836378 0.999775 0.019498 0 -0.00821182 -0.0194294 0.999778 0 -7.99848 -15.3529 337.973 1 
-1 0 0 1
0.999931 -0.00852203 0.00804747 0 0.00836378 0.999775 0.019498 0 -0.00821182 -0.0194294 0.999778 0 -7.99848 -15.3529 337.973 1 
-1 0 0 1
0.999931 -0.00852203 0.00804747 0 0.00836378 0.999775 0.019498 0 -0.00821182 -0.0194294 0.999778 0 -7.99848 -15.3529 337.973 1 
-1 0 0 1
0.999931 -0.00852203 0.00804747 0 0.00836378 0.999775 0.019498 0 -0.00821182 -0.0194294 0.999778 0 -7.99848 -15.3529 337.973 1 
-1 0 0 1
0.999931 -0.00852203 0.00804747 0 0.00836378 0.999775 0.019498 0 -0.00821182 -0.0194294 0.999778 0 -7.99848 -15.3529 337.973 1 
-1 0 0 1
0.999931 -0.00852203 0.00804747 0 0.00836378 0.999775 0.019498 0 -0.00821182 -0.0194294 0.999778 0 -7.99848 -15.3529 337.973 1 
-1 0 0 1
0.999931 -0.00852203 0.00804747 0 0.00836378 0.999775 0.019498 0 -0.00821182 -0.0194294 0.999778 0 -7.99848 -15.3529 337.973 1 
-1 0 0 1
0.999931 -0.00852203 0.00804747 0 0.00836378 0.999775 0.019498 0 -0.00821182 -0.0194294 0.999778 0 -7.99848 -15.3529 337.973 1 
-1 0 0 1
0.999931 -0.00852203 0.00804747 0 0.00836378 0.999775 0.019498 0 -0.00821182 -0.0194294 0.999778 0 -7.99848 -15.3529 337.973 1 
-1 0 0 1
0.999931 -0.00852203 0.00804747 0 0.00836378 0.999775 0.019498 0 -0.00821182 -0.0194294 0.999778 0 -7.99848 -15.3529 337.973 1 
-1 0 0 1
0.999931 -0.00852203 0.00804747 0 0.00836378 0.999775 0.019498 0 -0.00821182 -0.0194294 0.999778 0 -7.99848 -15.3529 337.973 1 
-1 0 0 1
0.999931 -0.00852203 0.00804747 0 0.00836378 0.999775 0.019498 0 -0.00821182 -0.0194294 0.999778 0 -7.99848 -15.3529 337.973 1 
-1 0 0 1
0.999931 -0.00852203 0.00804747 0 0.00836378 0.999775 0.019498 0 -0.00821182 -0.0194294 0.999778 0 -7.99848 -15.3529 337.973 1 
-1 0 0 1
0.999931 -0.00852203 0.00804747 0 0.00836378 0.999775 0.019498 0 -0.00821182 -0.0194294 0.999778 0 -7.99848 -15.3529 337.973 1 
-1 0 0 1
0.999931 -0.00852203 0.00804747 0 0.00836378 0.999775 0.019498 0 -0.00821182 -0.0194294 0.999778 0 -7.99848 -15.3529 337.973 1 
-1 0 0 1
0.999931 -0.00852203 0.00804747 0 0.00836378 0.999775 0.019498 0 -0.00821182 -0.0194294 0.999778 0 -7.99848 -15.3529 337.973 1 
-1 0 0 1
0.999931 -0.00852203 0.00804747 0 0.00836378 0.999775 0.019498 0 -0.00821182 -0.0194294 0.999778 0 -7.99848 -15.3529 337.973 1 
-1 0 0 1
0.999931 -0.00852203 0.00804747 0 0.00836378 0.999775 0.019498 0 -0.00821182 -0.0194294 0.999778 0 -7.99848 -15.3529 337.973 1 
-1 0 0 1
0.999931 -0.00852203 0.00804747 0 0.00836378 0.999775 0.019498 0 -0.00821182 -0.0194294 0.999778 0 -7.99848 -15.3529 337.973 1 
-1 0 0 1
0.999931 -0.00852203 0.00804747 0 0.00836378 0.999775 0.019498 0 -0.00821182 -0.0194294 0.999778 0 -7.99848 -15.3529 337.973 1 
-1 0 0 1
0.999931 -0.00852203 0.00804747 0 0.00836378 0.999775 0.019498 0 -0.00821182 -0.0194294 0.999778 0 -7.99848 -15.3529 337.973 1 
-1 0 0 1
0.999931 -0.00852203 0.00804747 0 0.00836378 0.999775 0.019498 0 -0.00821182 -0.0194294 0.999778 0 -7.99848 -15.3529 337.973 1 
-1 0 0 1
0.999931 -0.00852203 0.00804747 0 0.00836378 0.999775 0.019498 0 -0.00821182 -0.0194294 0.999778 0 -7.99848 -15.3529 337.973 1 
-1 0 0 1
0.999931 -0.00852203 0.00804747 0 0.00836378 0.999775 0.019498 0 -0.00821182 -0.0194294 0.999778 0 -7.99848 -15.3529 337.973 1 
-1 0 0 1
0.999931 -0.00852203 0.00804747 0 0.00836378 0.999775 0.019498 0 -0.00821182 -0.0194294 0.999778 0 -7.99848 -15.3529 337.973 1 
-1 0 0 1
0.999931 -0.00852203 0.00804747 0 0.00836378 0.999775 0.019498 0 -0.00821182 -0.0194294 0.999778 0 -7.99848 -15.3529 337.973 1 
-1 0 0 1
0.999931 -0.00852203 0.00804747 0 0.00836378 0.999775 0.019498 0 -0.00821182 -0.0194294 0.999778 0 -7.99848 -15.3529 337.973 1 
-1 0 0 1
0.999931 -0.00852203 0.00804747 0 0.00836378 0.999775 0.019498 0 -0.00821182 -0.0194294 0.999778 0 -7.99848 -15.3529 337.973 1 
-1 0 0 1
0.999931 -0.00852203 0.00804747 0 0.00836378 0.999775 0.019498 0 -0.00821182 -0.0194294 0.999778 0 -7.99848 -15.3529 337.973 1 
-1 0 0 1
0.999931 -0.00852203 0.00804747 0 0.00836378 0.999775 0.019498 0 -0.00821182 -0.0194294 0.999778 0 -7.99848 -15.3529 337.973 1 
-1 0 0 1
0.999931 -0.00852203 0.00804747 0 0.00836378 0.999775 0.019498 0 -0.00821182 -0.0194294 0.999778 0 -7.99848 -15.3529 337.973 1 
-1 0 0 1
0.999931 -0.00852203 0.00804747 0 0.00836378 0.999775 0.019498 0 -0.00821182 -0.0194294 0.999778 0 -7.99848 -15.3529 337.973 1 
-1 0 0 1
0.999931 -0.00852203 0.00804747 0 0.00836378 0.999775 0.019498 0 -0.00821182 -0.0194294 0.999778 0 -7.99848 -15.3529 337.973 1 
-1 0 0 1
0.999931 -0.00852203 0.00804747 0 0.00836378 0.999775 0.019498 0 -0.00821182 -0.0194294 0.999778 0 -7.99848 -15.3529 337.973 1 
-1 0 0 1
0.999931 -0.00852203 0.00804747 0 0.00836378 0.999775 0.019498 0 -0.00821182 -0.0194294 0.999778 0 -7.99848 -15.3529 337.973 1 
-1 0 0 1
0.999931 -0.00852203 0.00804747 0 0.00836378 0.999775 0.019498 0 -0.00821182 -0.0194294 0.999778 0 -7.99848 -15.3529 337.973 1 
-1 0 0 1
0.999931 -0.00852203 0.00804747 0 0.00836378 0.999775 0.019498 0 -0.00821182 -0.0194294 0.999778 0 -7.99848 -15.3529 337.973 1 
-1 0 0 1
0.999931 -0.00852203 0.00804747 0 0.00836378 0.999775 0.019498 0 -0.00821182 -0.0194294 0.999778 0 -7.99848 -15.3529 337.973 1 
-1 0 0 1
0.999931 -0.00852203 0.00804747 0 0.00836378 0.999775 0.019498 0 -0.00821182 -0.0194294 0.999778 0 -7.99848 -15.3529 337.973 1 
-1 0 0 1
0.999931 -0.00852203 0.00804747 0 0.00836378 0.999775 0.019498 0 -0.00821182 -0.0194294 0.999778 0 -7.99848 -15.3529 337.973 1 
-1 0 0 1
0.999931 -0.00852203 0.00804747 0 0.00836378 0.999775 0.019498 0 -0.00821182 -0.0194294 0.999778 0 -7.99848 -15.3529 337.973 1 
-1 0 0 1
0.999931 -0.00852203 0.00804747 0 0.00836378 0.999775 0.019498 0 -0.00821182 -0.0194294 0.999778 0 -7.99848 -15.3529 337.973 1 
-1 0 0 1
0.999931 -0.00852203 0.00804747 0 0.00836378 0.999775 0.019498 0 -0.00821182 -0.0194294 0.999778 0 -7.99848 -15.3529 337.973 1 
-1 0 0 1
0.999931 -0.00852203 0.00804747 0 0.00836378 0.999775 0.019498 0 -0.00821182 -0.0194294 0.999778 0 -7.99848 -15.3529 337.973 1 
-1 0 0 1
0.999931 -0.00852203 0.00804747 0 0.00836378 0.999775 0.019498 0 -0.00821182 -0.0194294 0.999778 0 -7.99848 -15.3529 337.973 1 
-1 0 0 1
0.999965 -0.00322511 0.00776886 0 0.00302528 0.999668 0.0255975 0 -0.00784884 -0.0255731 0.999642 0 -7.04227 -11.9076 333.495 1 
0 0 1 1
0.999969 -0.00285918 0.00734415 0 0.00267698 0.999691 0.0246998 0 -0.0074125 -0.0246794 0.999668 0 -7.14065 -12.0635 333.477 1 
0 0 1 1
0.999971 -0.00251738 0.00717636 0 0.00234548 0.999713 0.0238619 0 -0.00723437 -0.0238444 0.99969 0 -7.16799 -12.1983 333.508 1 
0 0 1 1
0.999973 -0.0021068 0.00702706 0 0.00194368 0.99973 0.0231399 0 -0.00707392 -0.0231257 0.999708 0 -7.1734 -12.283 333.52 1 
0 0 1 1
0.999974 -0.00184165 0.00697038 0 0.00168309 0.999741 0.0226861 0 -0.00701036 -0.0226737 0.999718 0 -7.15755 -12.3248 333.508 1 
0 0 1 1
0.999975 -0.00166644 0.00693582 0 0.00151078 0.999748 0.022389 0 -0.00697139 -0.022378 0.999725 0 -7.15764 -12.34 333.486 1 
0 0 1 1
0.999975 -0.00152692 0.00692128 0 0.00137294 0.999753 0.0221991 0 -0.00695347 -0.022189 0.99973 0 -7.15049 -12.3296 333.447 1 
0 0 1 1
0.999975 -0.00141566 0.0069088 0 0.00126268 0.999755 0.0220972 0 -0.00693839 -0.0220879 0.999732 0 -7.14692 -12.2965 333.398 1 
0 0 1 1
0.999975 -0.00129723 0.00691944 0 0.00114425 0.999756 0.022067 0 -0.00694638 -0.0220585 0.999733 0 -7.134 -12.2489 333.352 1 
0 0 1 1
0.999975 -0.00122072 0.00692425 0 0.00106759 0.999756 0.0220761 0 -0.00694951 -0.0220682 0.999732 0 -7.12702 -12.2012 333.31 1 
0 0 1 1
0.999975 -0.00111797 0.00693876 0 0.00096436 0.999755 0.0221014 0 -0.00696177 -0.0220942 0.999732 0 -7.11194 -12.1452 333.271 1 
0 0 1 1
0.999975 -0.00102998 0.00695524 0 0.000875881 0.999755 0.0221227 0 -0.00697632 -0.022116 0.999731 0 -7.09983 -12.0967 333.225 1 
0 0 1 1
0.999975 -0.000970704 0.00702647 0 0.000814806 0.999754 0.0221562 0 -0.00704625 -0.0221499 0.99973 0 -7.07019 -12.0511 333.189 1 
0 0 1 1
0.999974 -0.000909305 0.00710088 0 0.000751523 0.999753 0.0221912 0 -0.00711931 -0.0221853 0.999729 0 -7.0425 -12.0052 333.155 1 
0 0 1 1
0.999974 -0.00085924 0.00713281 0 0.000700799 0.999754 0.0221859 0 -0.00715012 -0.0221803 0.999728 0 -7.02965 -11.9862 333.12 1 
0 0 1 1
0.999974 -0.000812415 0.00714584 0 0.000653671 0.999754 0.0221893 0 -0.0071621 -0.0221841 0.999728 0 -7.02165 -11.9637 333.086 1 
0 0 1 1
0.999974 -0.00077613 0.00714546 0 0.000617412 0.999754 0.022188 0 -0.00716092 -0.022183 0.999728 0 -7.01809 -11.9545 333.052 1 
0 0 1 1
0.999974 -0.000755309 0.00714866 0 0.000596565 0.999754 0.0221822 0 -0.00716366 -0.0221773 0.999728 0 -7.01645 -11.9496 333.025 1 
0 0 1 1
0.999974 -0.000736291 0.00714721 0 0.000577543 0.999754 0.0221879 0 -0.00716179 -0.0221832 0.999728 0 -7.01827 -11.9416 332.998 1 
0 0 1 1
0.999974 -0.000729973 0.00714022 0 0.000571355 0.999754 0.0221916 0 -0.00715466 -0.0221869 0.999728 0 -7.02761 -11.9372 332.972 1 
0 0 1 1
0.999974 -0.000728603 0.00713821 0 0.000569992 0.999753 0.0221969 0 -0.00715263 -0.0221923 0.999728 0 -7.03115 -11.9306 332.938 1 
0 0 1 1
0.999974 -0.000734325 0.00713646 0 0.0005757 0.999753 0.022204 0 -0.007151 -0.0221994 0.999728 0 -7.03823 -11.9254 332.9 1 
0 0 1 1
0.999974 -0.00072716 0.00714411 0 0.000568343 0.999753 0.0222075 0 -0.0071585 -0.0222028 0.999728 0 -7.04237 -11.9162 332.868 1 
0 0 1 1
0.999974 -0.000727394 0.00713849 0 0.000568661 0.999753 0.0222131 0 -0.00715288 -0.0222085 0.999728 0 -7.05271 -11.9102 332.83 1 
0 0 1 1
0.999974 -0.000749375 0.00712814 0 0.000590755 0.999753 0.0222288 0 -0.00714303 -0.022224 0.999727 0 -7.06554 -11.9009 332.788 1 
0 0 1 1
0.999974 -0.000772951 0.00712992 0 0.000614162 0.999752 0.0222462 0 -0.00714535 -0.0222412 0.999727 0 -7.07829 -11.8876 332.753 1 
0 0 1 1
0.999974 -0.000796405 0.00712906 0 0.000637616 0.999752 0.0222482 0 -0.00714501 -0.0222431 0.999727 0 -7.09154 -11.8825 332.731 1 
0 0 1 1
0.999974 -0.000810164 0.00712822 0 0.000651338 0.999752 0.0222555 0 -0.00714448 -0.0222502 0.999727 0 -7.10048 -11.8777 332.71 1 
0 0 1 1
0.999974 -0.000816394 0.0071206 0 0.000657646 0.999752 0.0222681 0 -0.00713701 -0.0222629 0.999727 0 -7.10924 -11.8654 332.679 1 
0 0 1 1
0.999974 -0.000817753 0.00712076 0 0.000658975 0.999752 0.0222718 0 -0.00713721 -0.0222666 0.999727 0 -7.11535 -11.8563 332.649 1 
0 0 1 1
0.999974 -0.000817687 0.00711675 0 0.000658995 0.999752 0.0222721 0 -0.0071332 -0.0222669 0.999727 0 -7.12415 -11.8524 332.624 1 
0 0 1 1
0.999974 -0.00081546 0.00711175 0 0.000656896 0.999752 0.02227 0 -0.00712814 -0.0222647 0.999727 0 -7.13526 -11.8476 332.603 1 
0 0 1 1
0.999974 -0.000810786 0.00711668 0 0.000652139 0.999752 0.0222664 0 -0.00713296 -0.0222612 0.999727 0 -7.14046 -11.8453 332.585 1 
0 0 1 1
0.999974 -0.000803991 0.00712136 0 0.000645288 0.999752 0.0222598 0 -0.00713749 -0.0222547 0.999727 0 -7.14139 -11.8452 332.576 1 
0 0 1 1
0.999974 -0.00079944 0.00713 0 0.000640651 0.999752 0.0222451 0 -0.00714602 -0.02224 0.999727 0 -7.14047 -11.8476 332.567 1 
0 0 1 1
0.999974 -0.000802623 0.00713187 0 0.000643963 0.999753 0.0222212 0 -0.00714794 -0.0222161 0.999728 0 -7.14487 -11.8543 332.56 1 
0 0 1 1
0.999974 -0.000809422 0.00713021 0 0.000650896 0.999753 0.0222074 0 -0.00714642 -0.0222022 0.999728 0 -7.1509 -11.8592 332.552 1 
0 0 1 1
0.999974 -0.000803572 0.00713278 0 0.000645033 0.999753 0.0222013 0 -0.00714886 -0.0221961 0.999728 0 -7.15463 -11.859 332.546 1 
0 0 1 1
0.999974 -0.000804571 0.00713679 0 0.00064598 0.999753 0.0221961 0 -0.00715289 -0.022191 0.999728 0 -7.15602 -11.8618 332.542 1 
0 0 1 1
0.999974 -0.000803925 0.00713423 0 0.000645416 0.999754 0.0221926 0 -0.00715032 -0.0221875 0.999728 0 -7.15766 -11.8637 332.535 1 
0 0 1 1
0.999974 -0.000803423 0.00713288 0 0.000644964 0.999754 0.0221898 0 -0.00714895 -0.0221846 0.999728 0 -7.15732 -11.8655 332.529 1 
0 0 1 1
0.999974 -0.000804315 0.00713304 0 0.000645869 0.999754 0.0221875 0 -0.00714913 -0.0221824 0.999728 0 -7.1575 -11.8672 332.526 1 
0 0 1 1
0.999974 -0.000804315 0.00713304 0 0.000645869 0.999754 0.0221875 0 -0.00714913 -0.0221824 0.999728 0 -7.1575 -11.8672 332.526 1 
0 0 1 1
