0.999849 -0.00903664 0.0148414 0 0.00865537 0.999636 0.025556 0 -0.015067 -0.0254237 0.999563 0 -2.56384 -6.12787 156.281 1 1
0.999854 -0.00831531 0.0149543 0 0.00791167 0.999608 0.0268511 0 -0.0151717 -0.0267289 0.999528 0 -2.27513 -5.17384 155.763 1 1
0.999857 -0.00783606 0.0149926 0 0.00741473 0.999582 0.0279546 0 -0.0152054 -0.0278394 0.999497 0 -2.13074 -4.45352 155.281 1 1
0.99986 -0.0074384 0.0149643 0 0.00700534 0.999561 0.0287872 0 -0.0151718 -0.0286784 0.999474 0 -2.05173 -3.93041 154.886 1 1
0.999864 -0.00705478 0.014927 0 0.00661259 0.999544 0.0294687 0 -0.0151281 -0.029366 0.999454 0 -1.99247 -3.5199 154.517 1 1
0.999866 -0.00684244 0.0149034 0 0.00639296 0.999529 0.0300011 0 -0.0151017 -0.0299018 0.999439 0 -1.9657 -3.2171 154.19 1 1
0.999867 -0.00663281 0.0148894 0 0.00617894 0.999521 0.0303244 0 -0.0150834 -0.0302284 0.999429 0 -1.94741 -3.02808 153.938 1 1
0.999868 -0.00649279 0.0149024 0 0.00603377 0.999512 0.0306426 0 -0.0150941 -0.0305486 0.999419 0 -1.93855 -2.8789 153.697 1 1
0.999868 -0.00642242 0.0149475 0 0.00595865 0.999506 0.0308676 0 -0.0151383 -0.0307745 0.999412 0 -1.9264 -2.77178 153.506 1 1
0.999868 -0.00637231 0.0149495 0 0.00590621 0.999501 0.0310181 0 -0.0151397 -0.0309257 0.999407 0 -1.93224 -2.70169 153.345 1 1
0.999868 -0.00629648 0.0149609 0 0.00582862 0.999499 0.0311127 0 -0.0151493 -0.0310214 0.999404 0 -1.92998 -2.64957 153.205 1 1
0.999868 -0.00621917 0.0150006 0 0.00574991 0.999499 0.0311261 0 -0.0151867 -0.0310357 0.999403 0 -1.92714 -2.62608 153.1 1 1
0.999868 -0.00614554 0.0150198 0 0.00567584 0.9995 0.031117 0 -0.0152035 -0.0310277 0.999403 0 -1.93612 -2.61196 153.018 1 1
0.999869 -0.00607258 0.0150134 0 0.00560338 0.999501 0.0310995 0 -0.0151948 -0.0310113 0.999404 0 -1.94885 -2.60466 152.939 1 1
0.999869 -0.00604641 0.0150142 0 0.00557722 0.999501 0.0310973 0 -0.0151947 -0.0310095 0.999404 0 -1.95744 -2.59403 152.876 1 1
0.999869 -0.00601814 0.0150179 0 0.00554878 0.999501 0.0311014 0 -0.0151976 -0.031014 0.999403 0 -1.96113 -2.58269 152.834 1 1
0.999869 -0.00597982 0.0150127 0 0.0055107 0.999501 0.0310978 0 -0.0151911 -0.031011 0.999404 0 -1.96658 -2.57329 152.795 1 1
0.99987 -0.00593777 0.0150134 0 0.00546854 0.999501 0.0311047 0 -0.0151906 -0.0310186 0.999403 0 -1.96735 -2.56677 152.761 1 1
0.99987 -0.0058969 0.0150131 0 0.00542773 0.999501 0.0311019 0 -0.015189 -0.0310164 0.999403 0 -1.96803 -2.56222 152.742 1 1
0.99987 -0.00587836 0.0150217 0 0.00540897 0.999502 0.0310993 0 -0.015197 -0.031014 0.999403 0 -1.96802 -2.5593 152.73 1 1
0.99987 -0.00586131 0.0150227 0 0.00539186 0.999502 0.031101 0 -0.0151976 -0.031016 0.999403 0 -1.96827 -2.55657 152.719 1 1
0.99987 -0.00583635 0.0150167 0 0.00536701 0.999502 0.0311075 0 -0.0151908 -0.0310229 0.999403 0 -1.96984 -2.55276 152.704 1 1
0.99987 -0.00580774 0.015018 0 0.00533845 0.999502 0.0311023 0 -0.0151911 -0.0310181 0.999403 0 -1.97044 -2.55379 152.693 1 1
0.99987 -0.00577355 0.0150357 0 0.00530391 0.999503 0.0310899 0 -0.0152077 -0.0310061 0.999403 0 -1.96044 -2.55216 152.687 1 1
0.99987 -0.00571506 0.0150561 0 0.00524517 0.999504 0.0310659 0 -0.0152261 -0.0309829 0.999404 0 -1.95012 -2.55362 152.685 1 1
0.99987 -0.00566498 0.0150722 0 0.00519453 0.999504 0.0310712 0 -0.0152408 -0.0309889 0.999404 0 -1.94041 -2.54859 152.68 1 1
0.99987 -0.00561427 0.0150907 0 0.0051433 0.999504 0.031069 0 -0.0152576 -0.0309874 0.999403 0 -1.92878 -2.54572 152.675 1 1
0.99987 -0.00559074 0.0150977 0 0.00511966 0.999504 0.0310625 0 -0.0152639 -0.0309812 0.999403 0 -1.92254 -2.54501 152.671 1 1
0.99987 -0.00557262 0.0151 0 0.00510156 0.999505 0.0310572 0 -0.0152656 -0.0309762 0.999404 0 -1.91963 -2.54532 152.667 1 1
0.999871 -0.00554623 0.0151017 0 0.00507526 0.999505 0.0310483 0 -0.0152664 -0.0309676 0.999404 0 -1.91514 -2.54724 152.663 1 1
0.999871 -0.00551937 0.0151073 0 0.00504857 0.999506 0.0310266 0 -0.0152711 -0.0309463 0.999404 0 -1.91339 -2.55269 152.658 1 1
0.999871 -0.00549842 0.0151099 0 0.00502791 0.999507 0.0310029 0 -0.0152729 -0.030923 0.999405 0 -1.91022 -2.56493 152.649 1 1
0.999871 -0.0054845 0.015114 0 0.00501406 0.999507 0.0309907 0 -0.0152765 -0.0309109 0.999405 0 -1.91003 -2.57263 152.645 1 1
0.999871 -0.00546504 0.0151219 0 0.00499451 0.999507 0.0309809 0 -0.0152838 -0.0309014 0.999406 0 -1.90673 -2.57574 152.644 1 1
0.999871 -0.00544249 0.0151325 0 0.00497167 0.999508 0.0309786 0 -0.0152936 -0.0308994 0.999405 0 -1.90124 -2.5735 152.639 1 1
0.999871 -0.0054292 0.0151389 0 0.00495817 0.999508 0.0309798 0 -0.0152997 -0.0309007 0.999405 0 -1.89818 -2.57258 152.634 1 1
0.999871 -0.0054188 0.0151323 0 0.00494801 0.999508 0.0309774 0 -0.0152927 -0.0308985 0.999406 0 -1.89585 -2.57517 152.622 1 1
0.999871 -0.00540344 0.0151242 0 0.0049331 0.999508 0.030965 0 -0.0152841 -0.0308864 0.999406 0 -1.89518 -2.57904 152.611 1 1
0.999871 -0.00539661 0.0151151 0 0.0049266 0.999508 0.0309623 0 -0.0152747 -0.0308838 0.999406 0 -1.89632 -2.57751 152.603 1 1
0.999871 -0.00538871 0.0151139 0 0.00491877 0.999509 0.0309603 0 -0.0152733 -0.030882 0.999406 0 -1.8947 -2.5781 152.597 1 1
0.999871 -0.00538168 0.0151137 0 0.00491196 0.999509 0.0309461 0 -0.0152728 -0.0308679 0.999407 0 -1.89391 -2.58336 152.594 1 1
0.999871 -0.00537671 0.0151144 0 0.00490706 0.999509 0.0309398 0 -0.0152733 -0.0308616 0.999407 0 -1.89271 -2.58623 152.589 1 1
0.999871 -0.00537316 0.0151155 0 0.00490357 0.999509 0.0309344 0 -0.0152743 -0.0308563 0.999407 0 -1.89182 -2.58938 152.587 1 1
0.999871 -0.00537349 0.0151201 0 0.00490368 0.999509 0.0309393 0 -0.0152789 -0.0308612 0.999407 0 -1.88923 -2.58954 152.584 1 1
0.999871 -0.00537349 0.0151201 0 0.00490368 0.999509 0.0309393 0 -0.0152789 -0.0308612 0.999407 0 -1.88923 -2.58954 152.584 1 1
0.999871 -0.00537349 0.0151201 0 0.00490368 0.999509 0.0309393 0 -0.0152789 -0.0308612 0.999407 0 -1.88923 -2.58954 152.584 1 2
0.999871 -0.00537349 0.0151201 0 0.00490368 0.999509 0.0309393 0 -0.0152789 -0.0308612 0.999407 0 -1.88923 -2.58954 152.584 1 2
0.999871 -0.00537349 0.0151201 0 0.00490368 0.999509 0.0309393 0 -0.0152789 -0.0308612 0.999407 0 -1.88923 -2.58954 152.584 1 2
0.999871 -0.00537349 0.0151201 0 0.00490368 0.999509 0.0309393 0 -0.0152789 -0.0308612 0.999407 0 -1.88923 -2.58954 152.584 1 2
0.999871 -0.00537349 0.0151201 0 0.00490368 0.999509 0.0309393 0 -0.0152789 -0.0308612 0.999407 0 -1.88923 -2.58954 152.584 1 2
0.999871 -0.00537349 0.0151201 0 0.00490368 0.999509 0.0309393 0 -0.0152789 -0.0308612 0.999407 0 -1.88923 -2.58954 152.584 1 2
0.999871 -0.00537349 0.0151201 0 0.00490368 0.999509 0.0309393 0 -0.0152789 -0.0308612 0.999407 0 -1.88923 -2.58954 152.584 1 2
0.999871 -0.00537349 0.0151201 0 0.00490368 0.999509 0.0309393 0 -0.0152789 -0.0308612 0.999407 0 -1.88923 -2.58954 152.584 1 2
0.999871 -0.00537349 0.0151201 0 0.00490368 0.999509 0.0309393 0 -0.0152789 -0.0308612 0.999407 0 -1.88923 -2.58954 152.584 1 2
0.999871 -0.00537349 0.0151201 0 0.00490368 0.999509 0.0309393 0 -0.0152789 -0.0308612 0.999407 0 -1.88923 -2.58954 152.584 1 2
0.999871 -0.00537349 0.0151201 0 0.00490368 0.999509 0.0309393 0 -0.0152789 -0.0308612 0.999407 0 -1.88923 -2.58954 152.584 1 2
0.999871 -0.00537349 0.0151201 0 0.00490368 0.999509 0.0309393 0 -0.0152789 -0.0308612 0.999407 0 -1.88923 -2.58954 152.584 1 2
0.999871 -0.00537349 0.0151201 0 0.00490368 0.999509 0.0309393 0 -0.0152789 -0.0308612 0.999407 0 -1.88923 -2.58954 152.584 1 2
0.999871 -0.00537349 0.0151201 0 0.00490368 0.999509 0.0309393 0 -0.0152789 -0.0308612 0.999407 0 -1.88923 -2.58954 152.584 1 2
0.999871 -0.00537349 0.0151201 0 0.00490368 0.999509 0.0309393 0 -0.0152789 -0.0308612 0.999407 0 -1.88923 -2.58954 152.584 1 2
0.999871 -0.00537349 0.0151201 0 0.00490368 0.999509 0.0309393 0 -0.0152789 -0.0308612 0.999407 0 -1.88923 -2.58954 152.584 1 2
0.999871 -0.00537349 0.0151201 0 0.00490368 0.999509 0.0309393 0 -0.0152789 -0.0308612 0.999407 0 -1.88923 -2.58954 152.584 1 2
0.999871 -0.00537349 0.0151201 0 0.00490368 0.999509 0.0309393 0 -0.0152789 -0.0308612 0.999407 0 -1.88923 -2.58954 152.584 1 2
0.999871 -0.00537349 0.0151201 0 0.00490368 0.999509 0.0309393 0 -0.0152789 -0.0308612 0.999407 0 -1.88923 -2.58954 152.584 1 2
0.999871 -0.00537349 0.0151201 0 0.00490368 0.999509 0.0309393 0 -0.0152789 -0.0308612 0.999407 0 -1.88923 -2.58954 152.584 1 2
0.999871 -0.00537349 0.0151201 0 0.00490368 0.999509 0.0309393 0 -0.0152789 -0.0308612 0.999407 0 -1.88923 -2.58954 152.584 1 2
0.999871 -0.00537349 0.0151201 0 0.00490368 0.999509 0.0309393 0 -0.0152789 -0.0308612 0.999407 0 -1.88923 -2.58954 152.584 1 2
0.999871 -0.00537349 0.0151201 0 0.00490368 0.999509 0.0309393 0 -0.0152789 -0.0308612 0.999407 0 -1.88923 -2.58954 152.584 1 2
0.999871 -0.00537349 0.0151201 0 0.00490368 0.999509 0.0309393 0 -0.0152789 -0.0308612 0.999407 0 -1.88923 -2.58954 152.584 1 2
0.999871 -0.00537349 0.0151201 0 0.00490368 0.999509 0.0309393 0 -0.0152789 -0.0308612 0.999407 0 -1.88923 -2.58954 152.584 1 2
0.999871 -0.00537349 0.0151201 0 0.00490368 0.999509 0.0309393 0 -0.0152789 -0.0308612 0.999407 0 -1.88923 -2.58954 152.584 1 2
0.999871 -0.00537349 0.0151201 0 0.00490368 0.999509 0.0309393 0 -0.0152789 -0.0308612 0.999407 0 -1.88923 -2.58954 152.584 1 2
0.999871 -0.00537349 0.0151201 0 0.00490368 0.999509 0.0309393 0 -0.0152789 -0.0308612 0.999407 0 -1.88923 -2.58954 152.584 1 2
0.999871 -0.00537349 0.0151201 0 0.00490368 0.999509 0.0309393 0 -0.0152789 -0.0308612 0.999407 0 -1.88923 -2.58954 152.584 1 2
0.999871 -0.00537349 0.0151201 0 0.00490368 0.999509 0.0309393 0 -0.0152789 -0.0308612 0.999407 0 -1.88923 -2.58954 152.584 1 2
0.999871 -0.00537349 0.0151201 0 0.00490368 0.999509 0.0309393 0 -0.0152789 -0.0308612 0.999407 0 -1.88923 -2.58954 152.584 1 2
0.999871 -0.00537349 0.0151201 0 0.00490368 0.999509 0.0309393 0 -0.0152789 -0.0308612 0.999407 0 -1.88923 -2.58954 152.584 1 2
0.999871 -0.00537349 0.0151201 0 0.00490368 0.999509 0.0309393 0 -0.0152789 -0.0308612 0.999407 0 -1.88923 -2.58954 152.584 1 2
0.999871 -0.00537349 0.0151201 0 0.00490368 0.999509 0.0309393 0 -0.0152789 -0.0308612 0.999407 0 -1.88923 -2.58954 152.584 1 2
0.999871 -0.00537349 0.0151201 0 0.00490368 0.999509 0.0309393 0 -0.0152789 -0.0308612 0.999407 0 -1.88923 -2.58954 152.584 1 2
0.999871 -0.00537349 0.0151201 0 0.00490368 0.999509 0.0309393 0 -0.0152789 -0.0308612 0.999407 0 -1.88923 -2.58954 152.584 1 2
0.999871 -0.00537349 0.0151201 0 0.00490368 0.999509 0.0309393 0 -0.0152789 -0.0308612 0.999407 0 -1.88923 -2.58954 152.584 1 2
0.999871 -0.00537349 0.0151201 0 0.00490368 0.999509 0.0309393 0 -0.0152789 -0.0308612 0.999407 0 -1.88923 -2.58954 152.584 1 2
0.999871 -0.00537349 0.0151201 0 0.00490368 0.999509 0.0309393 0 -0.0152789 -0.0308612 0.999407 0 -1.88923 -2.58954 152.584 1 2
0.999871 -0.00537349 0.0151201 0 0.00490368 0.999509 0.0309393 0 -0.0152789 -0.0308612 0.999407 0 -1.88923 -2.58954 152.584 1 2
0.999871 -0.00537349 0.0151201 0 0.00490368 0.999509 0.0309393 0 -0.0152789 -0.0308612 0.999407 0 -1.88923 -2.58954 152.584 1 2
0.999871 -0.00537349 0.0151201 0 0.00490368 0.999509 0.0309393 0 -0.0152789 -0.0308612 0.999407 0 -1.88923 -2.58954 152.584 1 2
0.999871 -0.00537349 0.0151201 0 0.00490368 0.999509 0.0309393 0 -0.0152789 -0.0308612 0.999407 0 -1.88923 -2.58954 152.584 1 2
