0.999931 -0.00852203 0.00804747 0 0.00836378 0.999775 0.019498 0 -0.00821182 -0.0194294 0.999778 0 -7.99848 -15.3529 337.973 1 0
0.999931 -0.00852203 0.00804747 0 0.00836378 0.999775 0.019498 0 -0.00821182 -0.0194294 0.999778 0 -7.99848 -15.3529 337.973 1 0
0.999983 -0.00571818 -0.000946343 0 0.005668 0.998902 -0.0464987 0 0.00121119 0.0464925 0.998918 0 -2.86922 -12.8199 336.749 1 1
0.999982 -0.00524136 0.00307372 0 0.0053835 0.998822 -0.0482225 0 -0.00281735 0.0482381 0.998832 0 -1.27188 -13.5682 336.31 1 1
